GB1 266.1086054548321 -24.181619813571658 -10.6
GB2 265.41646622239904 -25.20325996920796 -10.2
GB3 264.71150886725206 -26.220993468161527 -9.9
GB4 263.9930022159226 -27.234591020119584 -9.5
GB5 263.25463503409696 -28.25135635610232 -9.1
GB6 262.500923343622 -29.263416508063873 -8.6
GB7 261.73101352946907 -30.27049498091095 -8.2
GB8 267.2326686170261 -24.801350752377168 -11.0
GB9 266.5459028948351 -25.828972229810102 -10.7
GB10 265.8464938233646 -26.852961474175302 -10.4
GB11 265.13369653854437 -27.873096217130545 -10.0
GB12 264.40122854624184 -28.896739723299884 -9.6
GB13 263.653545414883 -29.915978786063327 -9.2
GB14 262.8897727021847 -30.930544806972502 -8.8
GB15 268.367946769663 -25.412600627325237 -11.5
GB16 267.6872582696633 -26.44586129100561 -11.2
GB17 266.99413317817425 -27.475767792106844 -10.9
GB18 266.28781500310083 -28.502105387489163 -10.5
GB19 265.56205831171576 -29.532294988411437 -10.2
GB20 264.82125484424466 -30.55838631625084 -9.8
GB21 264.06451166043666 -31.58011938895617 -9.4
GB22 269.5147079316528 -26.01504304687308 -12.0
GB23 268.8408121850223 -27.053587348696478 -11.7
GB24 268.15472027003244 -28.089058389583073 -11.4
GB25 267.45566635153307 -29.12124942589149 -11.1
GB26 266.737450769849 -30.157636977119047 -10.8
GB27 266.00439824162504 -31.19023694062023 -10.4
GB28 265.25559998062147 -32.21879864369275 -10.0
GB29 270.67320898103344 -26.60834582288054 -12.5
GB30 270.00683241606606 -27.651804257695787 -12.3
GB31 269.3285354060801 -28.69247229320888 -12.0
GB32 268.6375452837529 -29.730151623996623 -11.7
GB33 267.92771726201977 -30.772372174839376 -11.4
GB34 267.2033060334673 -31.811119344828032 -11.0
GB35 266.46338995174875 -32.84615242752995 -10.7
