gb9 266.42165182860674 -27.875016559451804 106.6
gb10 265.744972936798 -28.863463540494454 106.3
gb11 265.05576120686453 -29.848288882574074 106.0
gb12 264.3533143271416 -30.829280382992856 105.6
gb13 263.6368982562814 -31.8062141708301 105.2
gb20 264.8464116931332 -32.472191136118454 105.8
gb19 265.5560328245385 -31.488448006144086 106.2
gb18 266.251844098822 -30.500938473988654 106.5
gb17 266.93459424033927 -29.509878833587567 106.9
gb16 267.60499831328 -28.515473979216093 107.2
gb23 268.8015145004033 -29.146059374585477 107.7
gb24 268.13816508168753 -30.146056447188972 107.4
gb25 267.4626924803233 -31.142988088855947 107.1
gb26 266.7743711915376 -32.136657234637727 106.8
gb27 266.0724402157373 -33.126855751493324 106.4
gb34 267.31535056112193 -33.769751087012963 107.1
gb33 268.008675908309 -32.77347009885971 107.4
gb32 268.6886350681195 -31.77401770168136 107.7
gb31 269.35599861789075 -30.77159331969428 108.0
gb30 270.01149993359655 -29.766385703674995 108.3
