3.6 2.4 266.21242543018207 -24.613807274708158 58.60000000000005
3.6 1.2 267.34458502373894 -25.234998435070843 59.10000000000006
3.6 0.0 268.4882921053211 -25.847474149538627 59.600000000000065
3.6 -1.2 269.64381754279077 -26.45089963822513 60.10000000000007
3.6 -2.4 270.81142031895956 -27.044934133345276 60.60000000000008
2.4 2.4 265.5188459992974 -25.635160092270915 58.200000000000045
2.4 1.2 266.656623030805 -26.26233322403593 58.70000000000005
2.4 0.0 267.8066670166002 -26.880444199192198 59.30000000000006
2.4 -1.2 268.9692609527337 -27.489144337161395 59.80000000000007
2.4 -2.4 270.14467496062224 -28.08807840763086 60.300000000000075
1.2 2.4 264.81231984399096 -26.65262334420363 57.90000000000004
1.2 1.2 265.9558941393213 -27.286056221505646 58.40000000000005
1.2 0.0 267.11248799872266 -27.910083816246452 58.900000000000055
1.2 -1.2 268.2823982884246 -28.52434270184034 59.500000000000064
1.2 -2.4 269.4659079593132 -29.12846228225967 60.10000000000007
0.0 2.4 264.0921054083787 -27.665966813481162 57.500000000000036
0.0 1.2 265.24164311313564 -28.305944442496394 58.00000000000004
0.0 0.0 266.4049882865447 -28.936177761791473 58.60000000000005
0.0 -1.2 267.58245363942297 -29.556287722600256 59.20000000000006
0.0 -2.4 268.77433687883615 -30.165887422140706 59.80000000000007
-1.2 2.4 263.3574277649893 -28.67494747674373 57.10000000000003
-1.2 1.2 264.51307934729243 -29.321762358706604 57.70000000000004
-1.2 0.0 265.6833638323851 -29.95849857910299 58.200000000000045
-1.2 -1.2 266.86861201170944 -30.584760560265195 58.800000000000054
-1.2 -2.4 268.06913854230197 -31.200144113299096 59.500000000000064
-2.4 2.4 262.6074766533812 -29.67930853285588 56.700000000000024
-2.4 1.2 263.7693746417044 -30.333260910297724 57.30000000000003
-2.4 0.0 264.9467708101948 -30.976805594756627 57.90000000000004
-2.4 -1.2 266.14001656119814 -31.609529543213085 58.50000000000005
-2.4 -2.4 267.34944599775304 -32.231010262957405 59.10000000000006
-3.6 2.4 261.84140447228685 -30.678778361590197 56.30000000000002
-3.6 1.2 263.0096608973655 -31.3401764429173 56.90000000000003
-3.6 0.0 264.1943230086006 -31.99084384058294 57.500000000000036
-3.6 -1.2 265.39576568008755 -32.63034908147869 58.100000000000044
-3.6 -2.4 266.6143452986473 -33.25825031355554 58.800000000000054
