1 266.4697916666666 -18.069844444444445 -39960.0
2 265.8248333333333 -19.084194444444442 -38880.0
3 265.16970833333335 -20.095025 -37440.0
4 264.5039166666666 -21.102144444444445 -36360.0
5 263.8268333333333 -22.10535555555556 -34920.0
6 263.1379166666666 -23.10445 -33480.0
7 262.43645833333335 -24.099208333333333 -32040.0
8 261.7218333333333 -25.089399999999998 -30600.0
9 260.9933333333333 -26.074780555555556 -29160.0
10 260.25029166666667 -27.055094444444446 -27360.0
11 259.49195833333334 -28.030075 -25920.0
12 258.71750000000003 -28.999436111111113 -24120.0
13 257.9262083333333 -29.962877777777777 -22320.0
14 257.11720833333334 -30.920083333333334 -20520.0
15 256.2896666666666 -31.870719444444443 -18360.0
16 255.44262499999996 -32.814433333333334 -16200.0
17 254.57520833333328 -33.75085 -14040.0
18 267.5474583333333 -18.678286111111113 -41040.0
19 266.90549999999996 -19.698191666666666 -39960.0
20 266.25358333333327 -20.71481111111111 -38880.0
21 265.5911249999999 -21.72795833333333 -37800.0
22 264.91754166666664 -22.73743888888889 -36360.0
23 264.23220833333335 -23.74305277777778 -35280.0
24 263.5345 -24.744580555555558 -33840.0
25 262.8237083333333 -25.741802777777778 -32400.0
26 262.09912499999996 -26.73447777777778 -30960.0
27 261.35999999999996 -27.722358333333332 -29520.0
28 260.60566666666665 -28.705177777777777 -27720.0
29 259.83525 -29.68266388888889 -25920.0
30 259.0479166666666 -30.654513888888886 -24120.0
31 258.24287499999997 -31.620425 -22320.0
32 257.41912499999995 -32.580063888888894 -20520.0
33 256.5758333333333 -33.53308611111111 -18720.0
34 255.71195833333334 -34.47911944444444 -16560.0
35 268.63279166666666 -19.28053611111111 -42480.0
36 267.9944583333333 -20.305672222222224 -41400.0
37 267.3462916666666 -21.327758333333332 -40320.0
38 266.6877916666666 -22.346616666666666 -39240.0
39 266.0183333333333 -23.36205277777778 -38160.0
40 265.33729166666666 -24.373875 -36720.0
41 264.6439583333333 -25.381872222222224 -35640.0
42 263.9376666666666 -26.385825 -34200.0
43 263.21770833333335 -27.385502777777777 -32760.0
44 262.4833333333333 -28.380661111111113 -31320.0
45 261.73374999999993 -29.371047222222224 -29880.0
46 260.96812499999993 -30.356383333333333 -28080.0
47 260.18566666666663 -31.336383333333334 -26280.0
48 259.3854166666667 -32.31074444444444 -24480.0
49 258.5665 -33.27914444444444 -22680.0
50 257.72791666666666 -34.24124444444445 -20880.0
51 256.86862499999995 -35.196675 -18720.0
52 269.7261249999999 -19.876330555555555 -43560.0
53 269.09191666666663 -20.906363888888887 -42840.0
54 268.4481666666666 -21.933588888888888 -41760.0
55 267.7942083333333 -22.957827777777776 -40680.0
56 267.12949999999995 -23.97889722222222 -39600.0
57 266.4533333333333 -24.996608333333334 -38520.0
58 265.7650833333333 -26.010755555555555 -37080.0
59 265.06404166666664 -27.021127777777778 -36000.0
60 264.3494583333333 -28.027502777777777 -34560.0
61 263.6205416666666 -29.029641666666667 -33120.0
62 262.8765833333333 -30.027294444444443 -31680.0
63 262.1166666666666 -31.020197222222222 -30240.0
64 261.3399166666666 -32.008069444444445 -28440.0
65 260.54541666666665 -32.99061388888889 -27000.0
66 259.73224999999996 -33.96751666666667 -25200.0
67 258.89937499999996 -34.93844444444444 -23400.0
68 258.04570833333327 -35.90304166666667 -21240.0
69 270.82766666666663 -20.465402777777776 -45000.0
70 270.1982083333333 -21.499994444444447 -44280.0
71 269.55937499999993 -22.532013888888887 -43200.0
72 268.91058333333336 -23.561294444444446 -42120.0
73 268.25124999999997 -24.58766111111111 -41400.0
74 267.5806666666666 -25.61092777777778 -40320.0
75 266.8982083333333 -26.6309 -38880.0
76 266.20312499999994 -27.647369444444443 -37800.0
77 265.49466666666666 -28.660119444444444 -36720.0
78 264.7720833333333 -29.668925 -35280.0
79 264.03450000000004 -30.67353888888889 -33840.0
80 263.281125 -31.673705555555557 -32400.0
81 262.5110416666666 -32.669152777777775 -30960.0
82 261.7232916666666 -33.659591666666664 -29160.0
83 260.91687499999995 -34.64471944444444 -27360.0
84 260.0907499999999 -35.624208333333335 -25920.0
85 259.2438333333333 -36.59771388888889 -23760.0
86 271.93766666666664 -21.047486111111112 -46440.0
87 271.3134583333333 -22.086277777777777 -45720.0
88 270.68016666666665 -23.122744444444447 -45000.0
89 270.0372083333333 -24.156719444444445 -43920.0
90 269.383875 -25.18803611111111 -42840.0
91 268.7195833333333 -26.216513888888887 -42120.0
92 268.04362499999996 -27.241966666666666 -41040.0
93 267.3552083333333 -28.264194444444446 -39960.0
94 266.65370833333327 -29.282988888888887 -38520.0
95 265.93820833333325 -30.298125000000002 -37440.0
96 265.2079166666667 -31.309375 -36000.0
97 264.462 -32.31648611111111 -34560.0
98 263.6995 -33.31919722222223 -33120.0
99 262.9194166666666 -34.31722777777778 -31680.0
100 262.1208333333333 -35.31028055555555 -29880.0
101 261.3025416666667 -36.29804444444444 -28440.0
102 260.46354166666663 -37.28017777777778 -26640.0
103 273.0562916666666 -21.622308333333333 -47880.0
104 272.4379583333333 -22.664938888888887 -47160.0
105 271.81083333333333 -23.70548611111111 -46440.0
106 271.17429166666665 -24.743794444444447 -45720.0
107 270.5276666666667 -25.77970277777778 -44640.0
108 269.87033333333335 -26.813036111111114 -43920.0
109 269.2015416666666 -27.84361388888889 -42840.0
110 268.52062499999994 -28.871247222222223 -41760.0
111 267.82683333333335 -29.895730555555556 -40680.0
112 267.11925 -30.916858333333334 -39600.0
113 266.39716666666664 -31.934397222222223 -38160.0
114 265.6595833333333 -32.948116666666664 -37080.0
115 264.90562499999993 -33.95775555555556 -35640.0
116 264.1343333333333 -34.96305 -34200.0
117 263.3445416666666 -35.96371388888889 -32760.0
118 262.53529166666664 -36.95943888888889 -30960.0
119 261.70533333333333 -37.9499 -29160.0
120 274.18379166666665 -22.18958611111111 -49320.0
121 273.5719583333333 -23.235683333333334 -48960.0
122 272.9515833333333 -24.279941666666666 -48240.0
123 272.3220833333333 -25.322211111111113 -47520.0
124 271.68283333333335 -26.36233888888889 -46440.0
125 271.0331249999999 -27.400155555555553 -45720.0
126 270.37233333333324 -28.43548888888889 -45000.0
127 269.69962499999997 -29.46815833333333 -43920.0
128 269.0143333333333 -30.497969444444447 -42840.0
129 268.3155833333333 -31.524719444444443 -41760.0
130 267.6025416666666 -32.54819166666667 -40680.0
131 266.87425 -33.568158333333336 -39240.0
132 266.12987499999997 -34.584375 -38160.0
133 265.36829166666666 -35.596586111111115 -36720.0
134 264.58854166666663 -36.60451388888889 -35280.0
135 263.7894166666666 -37.607866666666666 -33840.0
136 262.9697916666666 -38.60633333333333 -32040.0
137 275.32037499999996 -22.749044444444447 -51120.0
138 274.7155833333333 -23.798222222222225 -50400.0
139 274.1025833333333 -24.84580833333333 -49680.0
140 273.4807916666666 -25.891655555555555 -49320.0
141 272.8495833333333 -26.935613888888888 -48600.0
142 272.20824999999996 -27.977530555555553 -47520.0
143 271.556125 -29.01723611111111 -46800.0
144 270.8925 -30.054555555555556 -46080.0
145 270.21649999999994 -31.08930833333333 -45000.0
146 269.5274166666666 -32.12130277777778 -43920.0
147 268.8243333333333 -33.150324999999995 -42840.0
148 268.1063333333333 -34.17616388888889 -41760.0
149 267.3725 -35.198586111111105 -40680.0
150 266.6217916666666 -36.21734444444445 -39240.0
151 265.853125 -37.232172222222225 -37800.0
152 265.06537499999996 -38.24279444444444 -36360.0
153 264.2572916666667 -39.24890833333333 -34920.0
154 276.4662083333333 -23.300394444444446 -52560.0
155 275.86908333333326 -24.352263888888892 -52200.0
156 275.264125 -25.402777777777775 -51480.0
157 274.6506666666666 -26.451802777777775 -51120.0
158 274.0281666666666 -27.49919722222222 -50400.0
159 273.3959166666666 -28.544811111111112 -49680.0
160 272.75325 -29.588488888888886 -48960.0
161 272.0994166666666 -30.63006111111111 -48240.0
162 271.4335833333333 -31.669358333333335 -47160.0
163 270.7550416666666 -32.70619166666667 -46440.0
164 270.06283333333334 -33.74036944444445 -45360.0
165 269.35612499999996 -34.771683333333335 -44280.0
166 268.633875 -35.79991111111111 -43200.0
167 267.89508333333333 -36.82481944444445 -42120.0
168 267.1387083333333 -37.846161111111115 -40680.0
169 266.36354166666666 -38.86366666666667 -39600.0
170 265.56837499999995 -39.87705 -38160.0
171 277.62154166666664 -23.843352777777778 -54360.0
172 277.0326666666666 -24.897502777777778 -54000.0
173 276.43629166666665 -25.95053888888889 -53280.0
174 275.83187499999997 -27.002333333333333 -52920.0
175 275.2187916666666 -28.05275 -52560.0
176 274.59633333333335 -29.101650000000003 -51840.0
177 273.963875 -30.148883333333334 -51120.0
178 273.32062499999995 -31.194288888888888 -50400.0
179 272.6658333333333 -32.23771111111111 -49680.0
180 271.9986666666666 -33.27896666666667 -48960.0
181 271.31833333333327 -34.31787777777778 -47880.0
182 270.6238333333333 -35.35424444444445 -47160.0
183 269.91425 -36.387861111111114 -46080.0
184 269.18858333333327 -37.418505555555555 -45000.0
185 268.44562499999995 -38.44594166666666 -43560.0
186 267.6843333333333 -39.46991666666667 -42480.0
187 266.903375 -40.490161111111114 -41040.0
